p12, 0.57, 0.01, 0.1, 0.4
p13, 0.56, 0.05, 0.4, 0.1
p16, 1.00, 0.01, 0.5, 0.01
p17, 0.76, 0.05, 0.4, 0.01
p4, 0.56, 0.1, 0.1, 0.3
p5, 0.50, 0.01, 0.3, 0.4
p8, 0.49, 0.1, 0.5, 0.1
p9, 0.67, 0.2, 0.4, 0.4
0.06625 0.33749999999999997 0.21500000000000002
p10, 0.78, 0.01, 0.01, 0.01
p11, 0.48, 0.1, 0.2, 0.3
p14, 0.47, 0.01, 0.1, 0.5
p15, 0.44, 0.05, 0.5, 0.4
p2, 0.69, 0.01, 0.3, 0.3
p3, 0.56, 0.05, 0.01, 0.2
p6, 1.00, 0.01, 0.01, 0.01
p7, 0.44, 0.01, 0.01, 0.5
0.03125 0.14250000000000002 0.27749999999999997
