p12, 0.64, 0.01, 0.1, 0.2
p13, 0.59, 0.01, 0.3, 0.05
p16, 1.00, 0.01, 0.05, 0.01
p17, 0.74, 0.01, 0.2, 0.01
p4, 0.52, 0.05, 0.4, 0.4
p5, 0.54, 0.01, 0.01, 0.2
p8, 0.45, 0.01, 0.05, 0.01
p9, 0.69, 0.2, 0.3, 0.3
0.03875 0.17625000000000002 0.14750000000000002
p10, 0.78, 0.01, 0.4, 0.01
p11, 0.43, 0.1, 0.5, 0.2
p14, 0.41, 0.1, 0.4, 0.2
p15, 0.49, 0.05, 0.2, 0.5
p2, 0.69, 0.01, 0.05, 0.05
p3, 0.51, 0.05, 0.2, 0.5
p6, 1.00, 0.01, 0.01, 0.05
p7, 0.46, 0.1, 0.01, 0.05
0.053750000000000006 0.22125 0.195
